70
48
59
75
89
7
35
49
96
75
40
70
72
41
11
39
68
59
13
35
70
6
95
23
36
86
45
14
69
49
14
22
26
40
87
98
13
11
89
61
57
20
71
76
54
12
89
44
52
14
90
91
31
9
28
25
80
93
53
18
39
97
28
23
6
0
67
51
66
53
8
29
10
26
14
36
13
66
48
30
29
43
45
54
97
43
48
49
96
42
60
8
80
42
93
12
78
50
73
42
32
29
34
10
93
11
53
91
77
43
44
26
73
13
9
9
63
2
53
7
39
5
57
74
24
63
52
4
26
49
56
42
6
88
48
62
65
18
53
61
63
82
32
15
34
68
54
64
51
17
25
19
68
47
0
53
9
38
7
91
98
14
9
40
25
84
65
55
82
44
68
54
74
45
73
9
78
69
73
46
37
91
18
2
13
28
86
4
80
61
44
89
22
47
6
32
20
85
30
72
59
63
1
37
47
86
11
56
96
91
8
20
46
33
72
42
13
66
97
96
83
50
12
62
19
56
46
25
36
1
0
49
2
67
45
83
30
43
74
4
4
35
78
98
66
28
61
93
12
71
99
17
26
63
2
14
63
52
1
4
60
39
57
83
26
51
78
99
34
94
81
78
93
16
4
7
20
98
43
78
54
19
92
22
9
58
48
82
43
3
35
21
41
55
21
40
19
23
31
19
51
80
41
29
57
39
24
24
24
28
63
29
71
61
50
76
90
69
12
25
47
78
17
3
86
68
90
86
69
88
16
20
74
25
91
84
67
7
64
49
43
66
61
46
59
13
39
26
8
61
99
18
60
64
10
79
88
36
66
64
44
41
33
89
23
93
32
93
27
80
51
45
21
24
73
65
14
96
18
62
93
6
60
11
0
61
63
25
70
25
86
34
36
46
71
12
61
40
59
43
25
19
26
33
89
30
82
15
92
85
52
14
41
92
65
20
84
30
50
12
93
48
70
72
61
36
89
50
21
90
86
79
32
87
99
88
20
67
21
75
45
73
28
38
25
7
68
75
5
51
97
57
45
17
14
34
59
30
16
82
54
63
59
19
18
52
61
95
69
61
86
28
69
47
70
0
60
38
94
97
5
78
39
3
9
76
77
8
66
33
58
25
81
35
68
97
22
51
80
62
77
62
77
64
72
11
62
5
67
71
75
31
10
29
53
91
21
65
52
59
34
44
77
27
5
41
53
47
12
0
53
73
79
16
10
66
78
2
28
80
26
32
83
80
98
8
98
49
42
88
67
46
63
48
28
23
95
59
60
39
88
61
3
27
0
93
24
15
27
11
1
79
96
39
45
48
95
34
10
37
72
81
38
76
89
32
20
54
10
39
15
88
98
68
26
53
55
46
76
9
19
31
60
19
18
50
78
19
47
7
17
70
90
36
92
51
81
68
88
52
11
18
83
70
86
53
75
46
13
27
54
18
62
1
66
72
19
62
78
25
8
64
52
57
73
48
47
79
45
73
88
52
57
29
32
66
37
67
56
56
97
37
30
53
97
69
90
29
23
20
57
11
29
68
77
57
96
43
65
94
42
78
96
99
89
30
66
98
93
26
3
32
28
25
63
93
98
12
72
55
8
58
47
63
97
12
79
7
59
91
51
86
52
3
29
93
51
2
40
60
35
39
24
17
6
90
11
65
30
66
48
85
95
9
55
31
18
35
51
63
56
5
32
33
8
9
38
89
38
53
79
39
79
13
65
65
90
11
72
2
46
65
6
48
63
56
26
14
71
57
67
57
96
14
86
53
32
72
55
12
46
38
75
63
29
81
0
85
68
88
58
73
28
95
95
92
45
93
16
32
87
31
82
84
94
24
91
53
26
30
64
38
44
47
44
12
6
26
92
76
73
12
91
35
81
60
62
25
24
75
5
69
12
12
16
44
56
8
80
45
80
50
38
58
92
47
70
98
80
8
26
31
77
1
5
90
18
91
28
66
33
25
96
54
41
45
86
59
54
82
21
21
35
33
32
69
81
93
36
42
72
0
12
34
55
5
18
0
85
92
79
64
47
49
42
97
18
1
43
63
5
58
41
30
96
57
54
79
84
7
23
50
79
29
64
76
0
78
20
28
48
24
5
70
88
85
95
44
95
20
43
41
36
35
89
62
57
46
53
51
12
7
67
64
31
12
6
54
35
78
39
42
97
66
97
33
52
71
3
98
76
75
38
12
24
19
26
63
48
46
0
54
89
22
40
15
65
4
72
16
57
26
5
3
42
66
36
85
16
5
78
43
77
81
69
61
25
77
9
76
